54.88135039273247 71.51893663724195 0.6866735123515855 3.720218074625621
60.276337607164386 54.48831829968969 0.7977649932521848 3.6079297186517345
42.36547993389047 64.58941130666561 0.644282469091861 3.7615225341500578
43.75872112626925 89.17730007820798 0.5734934788866926 3.834168934491985
96.36627605010293 38.34415188257777 1.0799308264121767 3.3259452850839932
79.17250380826646 52.88949197529045 0.8988403820408728 3.507555484122706
56.80445610939323 92.5596638292661 0.6265552397623269 3.7816240045336915
7.103605819788694 8.712929970154072 0.7141407606494478 3.6444722597213075
2.021839744032572 83.2619845547938 0.31403196429432656 4.091628106753371
77.81567509498505 87.00121482468191 0.7310159589293976 3.677391087190065
